35
16
0
5
66
19
3
10
51
13
4
6
43
11
8
2
117
25
19
8
59
24
9
10
3
5
0
3
34
10
1
7
69
13
5
13
51
32
14
9
29
51
30
3
55
56
33
10
28
71
10
36
18
34
0
40
27
13
12
5
54
27
23
10
44
48
31
9
51
53
40
5
65
34
33
5
20
39
7
26
92
35
1
75
51
30
43
1
44
36
34
10
64
29
18
17
80
18
35
6
62
4
25
1
12
2
2
4
175
9
7
36
119
36
44
5
46
24
20
11
65
23
15
20
70
18
29
10
34
3
14
3
10
0
4
0
179
7
32
5
132
46
15
26
32
38
22
9
45
32
29
7
49
23
16
13
22
6
5
7
22
2
18
0
127
14
60
0
80
88
7
42
24
102
30
13
27
56
34
4
31
29
10
10
28
14
10
6
67
21
52
1
89
26
63
1
