4
1
0
0
49
11
1
3
55
13
2
4
30
5
1
2
135
21
4
13
97
28
8
11
31
37
10
2
8
6
0
0
71
10
4
6
76
16
6
7
21
29
10
1
75
27
17
6
57
46
20
7
31
74
20
4
14
76
10
2
53
44
17
6
54
56
22
9
17
93
28
3
57
53
23
8
50
41
21
4
17
57
12
1
21
140
22
6
48
62
20
10
65
39
21
7
24
44
13
2
89
24
11
7
65
11
8
2
4
8
1
0
11
46
9
3
76
15
6
10
99
4
3
12
24
3
1
3
46
14
6
3
31
8
3
1
2
2
0
0
4
2
0
0
55
2
0
13
88
8
1
32
19
13
0
15
5
14
1
3
3
14
3
0
7
25
8
1
1
0
0
0
23
4
0
12
49
48
0
55
19
144
1
49
4
191
7
17
6
187
16
6
53
202
33
7
