4
5
2
0
15
25
15
0
34
72
32
1
54
116
29
5
55
133
12
23
46
76
0
43
25
25
0
20
23
19
19
0
26
38
45
0
33
43
39
2
79
27
20
6
50
24
10
10
34
27
0
41
75
37
0
45
80
36
38
0
35
27
39
0
42
14
20
1
101
6
23
1
43
2
9
1
25
6
0
13
145
27
0
39
143
38
29
5
32
13
14
1
54
9
22
0
89
5
30
0
22
0
6
0
17
2
0
1
185
12
7
14
142
44
9
23
28
32
15
7
56
21
39
0
56
5
25
0
8
0
2
0
21
3
6
0
169
19
26
2
81
51
2
29
23
57
18
12
36
27
32
0
25
3
12
0
5
1
4
0
35
7
23
0
119
30
38
0
34
41
1
16
17
55
10
9
21
28
14
1
13
6
5
0
29
18
21
0
70
36
52
1
89
42
35
0
