3
24
0
1
13
34
2
3
75
50
7
8
105
52
12
12
45
33
7
5
11
14
2
1
2
5
0
0
12
93
5
4
9
100
6
6
36
72
12
8
46
59
15
10
22
74
9
9
9
43
3
4
4
15
0
1
9
78
4
3
14
63
5
3
64
42
10
6
61
40
14
5
14
51
7
4
6
34
2
3
9
19
1
3
12
108
3
5
17
79
8
5
57
42
15
5
47
60
13
7
11
75
9
3
6
47
4
2
27
31
3
5
15
109
4
6
28
85
7
7
60
44
12
8
38
55
13
5
6
64
7
2
6
39
5
1
62
39
13
6
7
13
0
0
39
15
1
3
83
16
3
12
55
13
2
11
6
11
4
2
9
18
16
0
77
51
42
3
4
2
0
0
27
15
0
5
57
53
0
30
45
123
5
47
11
167
27
20
16
132
58
2
47
97
62
1
