18
114
8
5
7
161
16
4
17
186
29
5
43
156
41
9
49
92
33
6
25
36
12
2
9
11
2
0
3
30
3
1
8
32
12
0
31
44
39
1
35
48
46
2
14
35
21
2
3
17
5
2
0
5
0
1
6
16
9
0
22
34
30
1
31
66
45
4
15
104
31
4
3
115
10
8
3
91
2
21
14
53
0
26
19
64
33
1
16
53
41
1
8
65
30
2
2
77
15
2
1
76
5
6
8
73
2
21
95
74
5
49
26
75
33
1
9
38
26
0
4
52
18
1
2
73
11
5
2
66
4
11
11
46
5
9
149
44
24
17
22
28
8
2
31
19
12
2
37
46
22
3
18
79
18
7
14
86
10
20
25
66
17
17
97
55
38
5
13
11
0
4
40
31
2
19
59
94
6
37
32
168
18
28
21
166
43
10
30
96
52
5
46
55
34
2
