13
41
5
2
77
37
18
4
99
52
27
6
37
47
16
3
16
26
5
4
9
29
1
7
8
32
1
8
25
125
14
7
49
63
30
6
38
61
30
5
11
53
14
2
11
34
5
4
8
47
3
11
10
65
2
17
44
74
19
4
74
30
34
3
30
17
17
1
5
15
3
1
28
33
4
8
29
59
5
14
16
83
4
19
56
31
22
1
66
10
25
0
19
4
6
0
7
11
2
1
63
20
6
11
68
21
5
11
18
26
1
6
39
30
13
1
37
12
12
1
20
25
17
0
13
68
19
5
53
58
13
16
62
34
6
21
21
40
1
16
15
13
3
0
27
6
6
2
62
20
20
8
45
56
25
9
56
51
17
14
52
46
11
22
37
82
4
38
6
4
0
0
20
5
1
7
68
34
5
42
66
116
21
49
71
107
52
12
65
43
30
9
41
59
6
22
