5
45
3
1
8
71
5
2
39
94
10
8
85
90
13
17
61
86
9
15
19
60
5
6
6
25
1
2
9
86
7
2
3
97
9
2
14
93
10
6
53
55
10
13
50
62
12
10
16
72
8
5
8
44
5
3
7
69
4
2
2
88
8
2
13
98
12
3
54
61
12
10
53
60
12
10
17
86
13
3
10
66
9
2
7
72
6
2
2
94
9
2
7
97
10
3
49
59
8
10
70
42
9
10
26
50
7
3
5
33
4
0
14
52
14
1
3
79
13
1
5
95
7
5
42
63
8
9
66
36
6
14
29
41
2
12
5
34
0
9
67
67
22
10
23
80
20
8
11
97
9
7
38
69
9
11
48
46
10
13
22
76
4
24
21
101
2
36
71
79
5
38
34
132
6
49
18
182
17
27
49
142
38
8
68
67
29
3
26
45
6
10
35
91
2
29
