1
1
0
0
16
7
0
2
86
29
3
12
115
48
9
16
35
51
7
6
3
49
5
2
9
53
5
3
0
1
0
0
5
2
0
0
51
11
2
8
78
40
8
14
26
98
12
7
2
111
11
4
14
112
11
5
0
1
0
0
2
3
0
0
37
8
0
5
91
22
5
15
47
41
6
8
4
41
3
1
3
41
3
1
6
39
9
0
1
57
7
1
22
59
5
5
76
34
5
15
58
23
2
15
9
15
0
5
0
7
0
1
65
87
30
4
10
102
18
4
13
102
7
10
46
53
7
16
42
48
4
21
12
57
1
25
10
46
0
19
122
60
14
22
25
40
7
11
21
36
5
6
65
25
12
7
51
33
9
11
18
53
1
26
36
72
1
36
84
80
1
47
30
143
3
43
25
165
22
15
63
96
39
3
53
35
18
3
18
23
2
10
40
53
1
20
