0
1
0
0
26
5
2
1
94
20
10
4
71
18
9
3
32
8
2
5
66
17
1
27
52
19
0
32
4
33
4
0
25
31
10
1
69
32
18
5
43
45
11
10
19
25
2
12
41
10
1
30
69
19
0
57
18
115
17
3
31
76
24
5
49
51
29
6
35
73
14
17
57
36
3
26
41
6
0
21
82
22
1
61
21
78
16
3
63
37
30
4
60
20
29
2
39
19
8
7
107
9
6
14
49
2
3
7
58
18
1
34
33
22
20
0
76
14
39
0
42
4
17
0
44
1
9
0
111
1
19
1
42
0
6
1
23
8
1
9
51
37
31
1
56
15
27
2
27
6
8
3
55
5
25
1
88
2
31
0
22
0
5
0
6
2
0
1
52
50
20
2
41
27
11
9
48
64
19
21
74
71
58
11
60
17
37
0
9
1
3
0
3
0
0
0
