42
73
1
25
26
37
1
25
10
15
2
9
13
17
16
1
51
48
44
3
62
64
36
5
38
41
11
3
21
37
1
21
25
44
3
31
21
40
16
14
24
38
48
1
26
38
49
0
12
24
18
0
4
13
4
0
6
12
3
4
19
30
16
9
30
48
44
6
26
55
47
2
11
55
24
1
4
51
10
1
18
61
9
4
11
47
21
1
19
48
37
2
21
73
39
5
13
99
32
4
13
92
27
4
14
70
25
3
33
78
27
4
18
101
31
2
6
64
28
1
7
65
23
1
21
64
31
2
34
52
43
3
19
38
30
1
11
30
15
0
7
43
9
1
3
18
7
0
17
12
7
2
57
19
23
6
52
21
26
6
14
11
9
1
3
4
2
0
0
2
0
0
1
2
0
0
16
8
1
7
46
43
3
35
39
115
3
56
12
165
4
35
24
195
11
20
