123
103
2
18
71
40
0
13
29
9
0
5
5
1
2
0
14
8
10
0
24
19
14
1
23
20
7
1
69
33
1
12
61
22
0
15
36
14
2
9
10
15
16
1
14
27
34
0
15
32
27
0
11
24
10
1
44
19
1
7
52
26
3
15
38
38
15
14
16
46
42
3
11
45
45
0
6
32
22
0
5
18
6
0
27
21
6
3
37
35
19
6
31
44
34
5
15
38
37
1
5
22
18
0
1
9
4
0
0
3
0
0
52
42
16
1
41
34
26
1
27
25
25
0
8
10
10
0
1
3
2
0
0
2
1
0
1
8
2
0
81
43
8
8
48
31
8
11
23
26
5
8
5
22
1
2
1
22
2
0
1
28
6
0
16
55
10
3
56
63
0
19
32
97
0
29
19
151
1
26
6
182
4
12
5
184
10
4
8
170
17
2
63
195
29
7
