2
19
2
0
21
30
5
2
103
44
13
14
75
45
16
12
14
29
9
3
31
20
3
16
46
41
1
36
10
95
13
2
11
93
16
3
59
57
20
10
50
52
24
9
12
37
12
2
12
14
2
9
38
42
2
35
9
88
12
2
13
64
11
2
85
36
11
10
70
32
13
7
6
44
8
3
5
31
2
10
26
39
2
32
2
18
6
0
13
30
17
0
69
36
26
6
54
68
27
9
7
103
16
15
12
68
3
33
36
43
2
38
26
33
31
0
21
56
46
1
64
44
31
6
63
32
20
4
12
37
7
9
40
28
3
27
94
27
8
31
86
44
30
13
45
37
26
9
94
19
17
4
76
3
8
1
14
3
3
1
52
6
19
4
108
17
29
6
76
81
6
41
42
125
16
36
78
88
33
10
60
19
16
2
31
36
21
6
54
56
59
4
56
36
46
0
