4
33
2
0
27
29
6
1
90
42
14
7
86
60
17
8
34
59
13
3
13
44
6
1
9
25
2
1
14
137
10
4
19
88
14
4
41
54
22
5
30
65
22
4
10
83
15
2
6
62
8
1
8
33
3
1
17
108
9
3
42
66
15
4
64
38
22
4
27
37
16
1
2
43
6
0
0
34
2
1
1
18
0
2
17
17
3
0
54
25
13
3
61
53
22
6
18
89
21
3
1
109
11
3
2
100
3
15
22
68
1
31
14
18
4
1
27
36
11
4
18
66
19
5
4
79
19
2
0
77
9
3
7
76
6
14
101
77
15
43
4
11
1
1
5
17
3
1
2
17
5
1
0
13
5
0
1
19
12
0
10
34
30
1
99
57
53
8
4
14
1
2
7
35
4
5
9
75
10
5
9
113
27
4
9
120
56
1
13
89
67
0
29
57
49
0
