1
2
0
0
24
13
0
3
86
38
1
18
91
45
2
22
34
41
6
7
17
53
10
0
42
79
10
2
5
31
2
0
7
42
6
1
33
48
10
7
44
43
8
15
27
61
12
9
17
75
16
2
29
83
14
2
17
103
8
3
4
100
15
1
7
91
17
3
19
64
9
17
32
52
7
27
22
54
8
16
13
47
6
4
7
64
5
1
0
43
6
0
0
31
5
0
7
24
2
10
24
37
2
33
22
54
3
34
16
61
2
20
8
41
1
8
2
12
0
5
0
2
0
1
1
2
0
1
7
12
1
7
10
34
2
13
12
58
3
14
20
81
1
28
11
50
1
34
4
32
0
20
0
19
0
6
1
12
0
1
1
12
1
0
3
17
2
1
11
37
0
17
15
67
0
42
14
121
0
51
8
163
0
34
8
169
3
15
14
133
6
7
30
106
9
4
