3
19
1
1
30
33
7
3
104
52
24
7
79
75
32
7
19
69
29
2
9
31
13
1
2
5
1
0
8
78
8
5
23
91
15
7
62
58
24
9
35
78
27
5
14
80
24
2
15
35
11
2
2
7
1
0
5
53
7
2
33
44
11
4
90
36
16
10
41
59
20
6
31
66
28
7
29
63
14
22
9
33
1
26
5
15
16
0
27
36
34
2
62
44
28
12
48
71
34
11
53
58
44
8
26
64
17
26
70
56
2
74
46
34
54
0
27
46
52
3
60
35
21
17
69
29
33
15
57
13
41
3
14
8
8
5
162
18
15
40
112
43
42
16
31
35
28
5
45
35
31
9
55
32
30
14
35
12
17
8
11
3
11
0
148
13
59
4
88
101
11
51
21
125
37
17
20
78
51
4
33
42
21
13
32
23
10
11
47
29
47
2
101
38
85
1
