56
16
1
9
81
16
2
12
40
9
4
4
94
18
19
6
95
40
19
10
14
29
3
9
3
6
0
5
48
8
1
10
84
16
7
16
40
39
24
7
53
45
42
6
38
76
25
14
15
67
4
38
24
22
1
35
37
10
16
6
68
27
28
13
52
46
39
10
70
31
43
5
27
29
17
5
29
29
2
30
98
17
2
51
61
23
52
2
61
26
34
13
79
20
28
15
76
8
35
3
18
15
12
1
28
23
6
9
160
10
9
23
134
25
48
4
61
16
21
12
82
15
25
14
68
8
24
6
41
34
28
4
32
62
19
17
133
32
21
24
165
30
21
20
57
19
31
6
69
18
29
9
72
11
12
13
89
21
21
14
58
40
28
16
105
43
23
35
130
103
15
51
55
80
48
9
51
28
25
5
58
15
3
17
82
53
11
34
61
79
40
17
109
63
28
27
