4
14
1
1
18
44
2
12
37
90
4
42
34
79
5
39
16
27
3
9
3
4
1
0
0
0
0
0
3
21
2
0
1
41
6
1
4
66
13
4
15
77
19
7
20
51
18
5
11
14
7
2
1
1
1
0
10
74
9
2
3
99
18
1
9
103
29
1
32
77
45
5
34
33
43
4
11
7
12
1
0
0
0
0
4
38
5
1
6
29
10
0
25
29
38
1
40
27
65
2
18
10
28
1
1
0
3
0
1
0
0
0
3
6
5
0
17
19
29
0
33
42
55
5
30
48
32
18
16
13
5
13
2
2
0
1
10
12
11
0
25
35
33
0
25
37
52
0
16
51
35
7
31
48
8
34
39
26
2
37
10
28
9
8
31
59
45
2
117
131
55
3
38
35
39
0
9
15
10
2
29
18
1
23
47
73
3
48
24
131
25
21
49
124
62
3
