3
3
0
0
45
14
2
7
133
28
4
18
78
11
4
8
17
9
17
1
36
22
21
5
26
14
5
3
7
32
7
1
30
33
11
3
94
17
9
7
70
7
19
4
39
21
48
3
74
22
32
8
45
8
8
3
32
85
27
6
41
52
23
7
81
22
19
8
68
18
46
5
58
20
53
3
113
9
21
5
51
2
6
1
52
55
25
6
63
26
27
6
67
21
29
7
57
15
43
3
52
5
20
2
122
1
8
6
48
1
3
2
61
18
23
3
55
25
32
4
65
23
28
6
59
4
14
3
39
0
3
3
111
2
3
18
50
7
4
11
69
29
35
3
46
23
31
3
88
13
13
6
70
1
2
3
23
0
0
4
71
7
1
32
53
38
8
37
71
54
28
5
54
25
17
5
119
28
9
11
90
15
4
5
14
1
0
2
30
14
0
28
64
116
15
65
