7
16
1
1
35
39
3
9
80
64
7
27
55
69
9
22
19
83
14
5
18
73
11
2
15
36
3
1
15
66
8
1
12
81
16
2
23
78
17
9
34
54
10
16
32
63
13
10
17
61
11
3
16
49
6
2
16
76
8
1
5
68
13
0
10
61
11
5
41
45
9
18
44
44
8
18
20
63
13
7
28
92
20
3
6
41
4
1
3
71
12
1
4
96
22
1
18
90
22
6
28
67
12
19
29
67
12
19
30
86
16
10
6
51
5
2
3
70
12
1
1
73
16
0
2
54
11
2
14
42
5
17
26
53
4
31
31
84
5
29
14
84
2
20
5
38
1
16
1
20
0
7
0
10
0
2
4
13
2
4
8
30
2
9
15
60
3
13
16
84
1
34
10
107
1
52
5
155
1
47
5
174
2
29
8
148
4
13
9
100
5
6
14
72
7
3
