3
27
1
0
25
25
6
1
111
39
21
8
89
51
23
8
24
37
12
2
7
14
3
1
1
4
0
0
13
115
7
4
20
79
14
3
55
48
27
6
35
66
26
4
11
57
17
2
6
25
7
1
4
15
2
1
15
100
7
4
42
62
14
4
75
30
24
4
26
33
17
1
6
52
15
1
3
62
15
2
10
53
7
4
14
18
3
0
67
15
15
1
88
7
19
1
26
17
9
1
8
65
18
3
3
88
15
5
11
69
7
7
30
11
5
0
78
12
18
0
71
5
14
0
15
11
5
1
6
31
6
5
2
34
4
5
4
33
3
3
54
22
10
0
77
11
14
1
54
3
7
1
14
8
2
5
16
35
2
21
7
51
2
20
10
69
7
10
92
71
11
3
89
34
10
3
57
13
5
3
17
8
1
6
16
42
0
26
11
100
2
33
41
173
15
24
