107
38
5
9
17
12
3
2
20
81
17
4
22
154
23
10
39
167
22
14
38
134
14
11
29
66
5
4
163
21
8
7
19
6
1
1
6
30
6
1
24
48
11
5
64
43
12
14
34
51
9
9
15
57
9
3
196
9
7
4
22
8
2
2
10
57
9
4
16
94
18
6
52
56
16
13
43
61
15
8
20
77
13
3
199
7
5
5
23
6
2
1
5
38
8
2
13
59
10
5
75
34
8
12
68
21
6
8
15
22
3
2
193
8
3
10
30
2
3
2
18
31
21
1
15
79
20
6
49
54
11
14
53
35
4
20
21
48
1
19
171
12
3
16
46
2
4
5
67
21
22
14
37
60
20
14
52
47
12
12
44
43
9
18
39
86
3
42
139
38
5
21
47
7
2
9
63
35
3
45
44
125
15
47
58
112
38
9
55
51
21
6
49
69
5
24
