15
9
0
3
23
9
0
7
30
6
1
8
89
20
7
25
83
24
13
20
22
27
9
3
23
32
4
7
29
15
0
11
48
12
1
19
32
9
4
9
43
21
15
10
47
47
25
10
12
73
17
5
49
72
8
26
27
16
3
11
61
21
5
25
41
40
22
14
23
63
43
4
23
70
33
4
10
75
18
5
111
70
28
34
19
68
27
5
39
52
24
16
47
46
29
18
24
41
29
6
15
30
13
3
10
34
23
1
99
41
68
8
16
106
43
3
18
48
24
13
61
20
7
43
39
10
3
25
10
27
8
4
8
56
30
1
22
45
52
0
7
32
15
1
7
7
5
5
45
6
1
36
57
9
2
52
13
15
3
15
2
20
7
2
0
10
5
0
4
3
2
0
1
0
0
0
26
3
0
16
77
19
2
63
57
27
3
54
10
11
1
11
1
4
0
2
