44
130
10
5
29
100
16
4
75
66
24
6
63
19
13
3
44
10
3
4
64
25
3
12
27
17
1
10
27
95
15
5
42
52
22
4
75
17
27
4
31
1
11
0
44
3
4
3
74
18
7
17
40
33
2
30
20
40
10
1
67
18
23
1
79
5
26
0
18
0
6
0
57
2
12
1
88
16
18
16
51
48
4
47
31
11
5
0
90
7
20
0
67
2
15
0
15
1
6
0
72
3
27
0
80
8
23
7
43
36
3
37
48
7
4
0
102
5
12
2
57
1
8
1
24
2
18
0
77
3
43
0
47
2
20
2
21
18
2
13
52
5
1
3
97
6
4
12
56
6
12
8
39
6
43
0
58
3
48
0
16
0
9
0
7
4
0
1
38
16
0
8
74
51
5
34
60
105
31
36
50
69
68
4
34
8
34
0
3
0
2
0
1
1
0
0
