0
7
0
0
0
9
1
0
8
18
2
0
78
39
5
10
114
53
7
19
37
57
7
7
22
98
12
5
7
94
11
2
0
84
15
0
2
102
17
0
29
89
16
6
57
53
14
12
27
86
14
5
20
142
16
4
13
147
21
5
2
98
23
0
3
105
22
1
25
94
16
8
75
43
12
12
46
33
7
3
9
43
4
0
7
32
6
1
23
24
21
1
26
65
37
3
31
84
19
14
77
33
8
16
53
8
1
6
10
4
0
1
9
2
1
1
50
14
13
14
53
49
20
22
37
58
16
14
72
26
11
11
55
9
3
6
19
5
0
1
3
1
0
1
18
14
1
15
20
64
5
28
24
86
18
14
62
36
21
6
54
11
8
3
20
6
1
0
0
1
0
0
2
15
2
2
8
56
16
6
36
91
47
5
70
64
51
3
40
24
16
0
11
8
2
0
