5
57
4
1
25
48
10
1
88
61
20
10
72
83
21
12
26
75
16
5
10
34
6
2
3
8
0
0
16
153
12
4
23
97
18
4
45
55
27
6
25
66
23
3
7
67
14
2
6
37
8
1
5
15
3
1
15
72
7
2
42
51
15
5
62
54
22
12
19
53
13
8
6
43
18
4
9
47
28
2
11
41
15
2
10
14
2
0
27
34
10
5
33
69
19
15
23
82
21
17
25
63
32
11
22
52
34
6
9
36
14
1
5
11
3
0
13
28
18
1
22
48
44
4
27
57
42
7
44
46
19
16
33
27
9
14
7
12
3
3
20
17
7
1
36
25
25
3
37
29
38
4
22
25
22
3
25
27
8
7
19
25
5
7
10
32
7
3
28
28
2
9
44
63
6
30
34
135
6
40
12
193
6
22
3
210
12
8
4
200
22
3
35
237
39
7
