1
3
0
0
25
11
0
3
122
30
5
15
116
18
5
13
16
6
3
1
2
13
2
2
3
8
0
3
6
35
6
1
15
37
9
2
80
23
9
6
89
9
12
6
19
30
28
1
5
65
19
13
20
40
1
34
28
100
23
4
30
66
20
6
67
31
16
7
71
24
37
7
22
48
59
1
6
61
19
15
92
46
3
67
38
60
19
4
53
35
23
5
54
28
24
6
59
21
41
5
18
16
26
0
3
11
4
3
173
14
13
33
49
23
21
1
46
28
30
2
56
28
24
6
77
7
13
4
17
1
3
0
8
1
6
0
163
8
49
4
65
39
30
2
41
27
28
1
78
15
12
6
94
2
3
5
21
1
2
0
24
6
27
0
96
16
74
0
56
59
19
5
35
21
12
3
97
24
7
10
115
23
6
9
37
9
10
2
49
24
51
1
48
19
50
0
