21
70
8
4
23
125
17
7
57
130
17
19
90
55
13
16
47
11
4
6
41
14
1
7
21
8
1
3
5
19
4
0
7
18
4
1
71
12
10
5
97
6
16
4
37
6
5
3
77
13
5
9
48
19
4
6
1
9
4
0
7
24
10
0
63
30
24
4
64
49
21
8
25
70
11
6
72
39
14
10
59
63
10
14
20
37
35
0
15
66
40
2
48
51
36
7
32
67
24
8
25
84
10
10
66
46
14
12
56
87
12
20
88
47
57
6
38
39
42
3
82
19
36
3
36
13
12
1
45
14
9
3
95
16
19
4
49
43
8
13
123
47
26
25
46
29
37
5
65
8
33
0
24
1
7
0
61
2
20
0
88
5
25
1
30
11
4
4
82
86
10
43
35
72
36
9
35
16
26
0
30
8
13
0
93
19
40
1
70
12
25
1
13
3
2
0
