7
4
0
1
71
17
2
8
146
25
6
18
54
9
6
6
5
20
10
2
6
29
6
7
8
11
0
7
14
48
12
2
41
39
14
5
100
16
13
9
50
24
32
4
10
63
41
4
20
67
12
25
41
26
2
30
37
95
30
7
53
47
25
8
77
22
29
8
46
31
57
4
9
37
33
2
37
29
7
20
114
16
4
36
53
39
24
4
62
22
31
6
66
17
33
6
46
11
28
2
8
21
13
2
37
24
7
9
151
13
11
16
71
16
30
1
54
18
32
4
87
11
16
6
73
5
12
3
39
41
25
6
37
61
17
18
122
32
19
23
91
26
35
1
60
12
22
2
108
4
5
5
95
2
7
8
82
28
20
17
56
46
27
17
96
44
22
38
88
53
24
5
67
17
11
5
136
23
6
11
97
15
4
14
66
52
12
37
49
75
41
19
85
61
28
28
