26
116
10
6
11
150
17
3
21
165
27
5
50
128
36
10
54
68
27
7
25
24
7
2
6
5
0
0
9
43
4
2
9
38
11
1
34
35
33
1
45
26
46
1
21
15
21
0
4
7
4
0
0
1
0
0
4
10
4
0
23
20
21
0
42
39
44
2
26
63
34
2
6
73
11
5
1
54
1
11
4
27
0
11
15
45
23
0
22
47
39
1
19
69
36
4
6
100
23
3
1
107
8
9
5
96
2
28
50
78
2
47
21
82
34
2
6
42
29
0
1
33
16
0
0
24
6
0
0
21
2
1
10
31
6
10
127
58
24
32
10
42
11
2
2
12
6
1
0
4
1
0
0
5
3
0
1
16
16
0
12
35
38
0
84
59
56
2
6
23
1
3
6
43
3
5
8
78
12
7
10
112
34
4
13
111
64
1
15
72
64
0
21
41
36
0
