50
20
3
4
6
3
0
0
4
15
3
0
49
39
9
6
115
54
13
16
56
62
7
10
21
67
5
4
125
24
9
8
16
14
5
1
8
63
16
2
19
90
20
5
57
53
14
13
41
66
10
7
21
86
9
4
189
15
10
7
20
13
5
1
5
44
11
1
15
48
9
4
82
26
5
13
69
25
5
6
16
27
3
1
202
9
8
5
17
2
2
0
3
17
7
0
13
36
8
3
81
25
6
10
76
13
2
10
17
10
0
4
201
8
5
8
32
2
5
1
36
36
24
3
20
83
19
10
50
53
10
15
53
34
5
18
25
51
1
25
185
12
4
14
48
1
4
6
80
21
15
19
40
50
14
17
60
38
14
11
48
39
9
15
40
76
3
37
173
47
6
21
45
7
2
9
58
35
2
46
41
115
16
45
58
94
39
7
49
41
18
6
43
55
3
20
