2
24
2
0
13
32
4
1
97
45
11
14
106
46
14
18
27
32
11
4
9
12
3
3
5
5
0
4
13
132
14
3
5
112
15
1
42
79
19
8
62
51
23
11
21
42
14
3
14
19
4
8
17
21
1
21
13
108
17
3
6
94
18
2
55
68
17
8
85
22
12
7
20
11
4
2
12
15
2
13
30
46
1
42
40
45
28
2
26
73
31
4
60
60
17
12
86
11
8
9
22
0
1
2
9
9
0
9
32
46
2
34
83
43
18
16
48
51
19
15
67
35
17
9
85
6
10
6
20
0
2
1
16
4
3
3
48
25
7
15
42
39
2
22
27
67
8
23
57
51
16
14
76
10
10
11
18
4
6
3
25
9
18
1
73
21
26
8
8
15
0
6
11
34
2
9
49
47
5
28
64
97
8
56
20
156
32
25
22
117
62
2
51
67
56
2
