7
5
0
0
17
4
6
0
65
37
35
8
77
74
30
41
58
48
7
42
17
28
2
12
8
15
0
8
38
25
1
10
33
4
9
1
65
21
31
4
51
48
32
13
53
52
17
21
24
76
7
26
34
54
2
44
110
43
7
32
48
13
26
5
55
33
48
6
38
48
34
8
80
31
13
14
51
37
7
17
120
46
8
64
140
29
14
31
58
26
42
12
61
22
29
19
48
14
9
13
104
7
6
8
68
9
9
4
162
19
39
16
109
24
14
19
58
17
25
11
38
21
9
32
42
40
7
35
80
33
16
13
47
48
30
5
74
51
77
0
51
22
6
9
28
10
7
5
11
10
3
12
39
34
15
23
61
42
27
12
23
59
30
3
10
34
32
0
9
8
1
2
7
10
4
1
16
24
21
2
68
45
57
4
76
29
46
2
17
10
9
0
0
2
1
0
